786, 16
786, 18
785, 19
783, 19
783, 20
782, 21
781, 21
781, 22
780, 23
779, 23
779, 24
778, 25
775, 25
774, 26
774, 27
773, 28
772, 28
772, 29
771, 30
770, 30
770, 31
769, 32
768, 32
768, 33
767, 34
766, 34
765, 35
765, 36
764, 37
763, 37
763, 38
762, 39
743, 39
743, 40
742, 41
723, 41
722, 42
722, 43
721, 44
711, 44
711, 45
710, 46
702, 46
702, 47
701, 48
695, 48
695, 49
694, 50
691, 50
691, 52
690, 53
686, 53
686, 54
685, 55
679, 55
679, 56
678, 57
677, 57
677, 58
676, 59
673, 59
672, 60
672, 61
671, 62
668, 62
668, 63
667, 64
663, 64
663, 65
662, 66
661, 66
661, 67
660, 68
657, 68
657, 70
656, 71
654, 71
654, 72
653, 73
650, 73
650, 74
649, 75
648, 75
648, 76
646, 78
645, 78
645, 79
644, 80
641, 80
641, 81
640, 82
639, 82
636, 85
636, 86
635, 87
634, 87
634, 88
633, 89
632, 89
632, 90
631, 91
630, 91
627, 94
627, 95
626, 96
625, 96
625, 97
624, 98
623, 98
623, 99
622, 100
621, 100
618, 103
618, 104
617, 105
616, 105
616, 106
615, 107
614, 107
614, 108
613, 109
612, 109
611, 110
611, 113
610, 114
609, 114
609, 115
608, 116
607, 116
607, 117
606, 118
605, 118
605, 119
603, 121
602, 121
602, 124
601, 125
600, 125
600, 126
599, 127
598, 127
598, 129
597, 130
595, 130
595, 131
594, 132
593, 132
593, 135
591, 137
591, 138
590, 139
589, 139
589, 140
588, 141
586, 141
586, 144
584, 146
584, 147
583, 148
582, 148
582, 149
581, 150
580, 150
580, 151
579, 152
578, 152
577, 153
577, 156
576, 157
575, 157
575, 158
574, 159
573, 159
573, 160
572, 161
571, 161
571, 163
570, 164
568, 164
568, 167
567, 168
566, 168
566, 169
565, 170
564, 170
564, 172
563, 173
562, 173
560, 175
559, 175
559, 176
558, 177
555, 177
555, 178
554, 179
553, 179
552, 180
552, 181
551, 182
548, 182
548, 183
547, 184
543, 184
543, 185
542, 186
539, 186
539, 187
538, 188
536, 188
535, 189
534, 189
534, 190
533, 191
528, 191
526, 193
521, 193
521, 194
520, 195
514, 195
514, 197
513, 198
505, 198
505, 199
504, 200
494, 200
494, 201
493, 202
478, 202
478, 203
477, 204
453, 204
453, 206
452, 207
405, 207
404, 206
404, 204
385, 204
383, 202
371, 202
370, 201
370, 200
357, 200
356, 199
356, 198
348, 198
347, 197
347, 195
337, 195
336, 194
336, 193
328, 193
327, 192
327, 191
319, 191
318, 190
318, 189
317, 189
316, 188
310, 188
309, 187
309, 186
299, 186
297, 184
285, 184
284, 183
284, 182
274, 182
273, 181
273, 179
261, 179
260, 178
260, 176
246, 176
246, 178
245, 179
233, 179
233, 181
232, 182
222, 182
222, 183
221, 184
206, 184
206, 185
205, 186
195, 186
195, 187
194, 188
187, 188
184, 191
176, 191
176, 192
175, 193
167, 193
167, 194
166, 195
145, 195
145, 197
144, 198
118, 198
118, 199
117, 200
104, 200
104, 201
103, 202
97, 202
97, 203
96, 204
91, 204
90, 205
90, 206
89, 207
86, 207
86, 208
85, 209
81, 209
81, 210
80, 211
79, 211
79, 212
78, 213
75, 213
75, 214
73, 216
72, 216
72, 217
71, 218
70, 218
70, 219
69, 220
68, 220
68, 221
66, 223
65, 223
65, 224
64, 225
63, 225
63, 226
62, 227
61, 227
61, 228
60, 229
59, 229
59, 233
58, 234
56, 234
56, 235
55, 236
54, 236
54, 240
53, 241
52, 241
52, 244
51, 245
50, 245
50, 251
49, 252
47, 252
47, 258
46, 259
45, 259
45, 265
44, 266
43, 266
43, 274
42, 275
41, 275
41, 285
40, 286
38, 286
38, 299
37, 300
36, 300
36, 319
35, 320
34, 320
34, 324
33, 325
32, 325
32, 335
31, 336
30, 336
30, 365
29, 366
28, 366
28, 370
27, 371
25, 371
25, 426
26, 426
27, 427
27, 437
28, 438
28, 461
31, 461
32, 462
32, 488
33, 488
34, 489
34, 495
35, 495
36, 496
36, 518
37, 518
38, 519
38, 527
40, 527
41, 528
41, 532
43, 532
44, 531
44, 530
45, 529
46, 529
47, 530
47, 552
49, 552
50, 553
50, 554
53, 554
53, 548
54, 547
55, 547
56, 548
56, 554
58, 554
59, 555
59, 563
60, 563
61, 564
61, 568
69, 568
69, 567
71, 565
71, 562
72, 561
75, 561
77, 559
78, 559
78, 558
80, 556
80, 555
81, 554
82, 554
82, 553
83, 552
85, 552
85, 546
86, 545
87, 545
87, 539
88, 538
89, 538
89, 530
90, 529
91, 529
91, 521
92, 520
94, 520
94, 512
95, 511
96, 511
96, 503
97, 502
98, 502
98, 492
99, 491
100, 491
100, 483
101, 482
103, 482
103, 476
104, 475
105, 475
105, 465
106, 464
107, 464
107, 406
108, 405
109, 405
110, 404
110, 302
112, 300
112, 274
113, 273
114, 273
114, 265
115, 264
116, 264
116, 259
117, 258
118, 258
119, 257
119, 252
120, 251
121, 251
121, 247
122, 246
123, 246
123, 240
124, 239
125, 239
125, 236
126, 235
127, 235
130, 232
130, 229
131, 228
132, 228
132, 227
133, 226
137, 226
138, 227
138, 233
137, 234
136, 234
136, 237
135, 238
134, 238
133, 239
133, 240
132, 241
131, 241
131, 244
130, 245
129, 245
129, 249
128, 250
127, 250
127, 253
126, 254
125, 254
124, 255
124, 260
123, 261
122, 261
122, 265
121, 266
120, 266
120, 278
119, 279
118, 279
118, 303
119, 303
120, 304
120, 323
121, 323
122, 324
122, 334
124, 336
124, 341
126, 341
127, 342
127, 350
128, 350
129, 351
129, 357
130, 357
131, 358
131, 364
132, 364
133, 365
133, 370
134, 371
135, 371
136, 372
136, 378
137, 378
138, 379
138, 384
139, 384
140, 385
140, 393
141, 393
142, 394
142, 399
143, 400
144, 400
145, 401
145, 412
146, 412
147, 413
147, 428
146, 429
145, 429
145, 437
144, 438
143, 438
142, 439
142, 443
140, 445
140, 448
139, 449
138, 449
138, 453
137, 454
136, 454
136, 457
135, 458
134, 458
131, 461
131, 464
130, 465
129, 465
129, 466
128, 467
127, 467
127, 468
126, 469
125, 469
124, 470
124, 473
123, 474
122, 474
122, 475
121, 476
120, 476
120, 477
119, 478
118, 478
118, 480
117, 481
115, 481
115, 482
114, 483
113, 483
113, 487
112, 488
111, 488
111, 489
110, 490
109, 490
108, 491
108, 493
106, 495
106, 515
105, 516
102, 516
102, 523
101, 524
100, 524
100, 533
99, 534
98, 534
98, 540
97, 541
97, 552
96, 553
96, 566
97, 566
98, 567
98, 573
99, 573
100, 574
100, 578
101, 578
102, 579
102, 591
103, 591
104, 592
104, 602
103, 603
102, 603
102, 613
101, 614
100, 614
99, 615
99, 622
97, 624
97, 631
95, 633
95, 643
94, 644
93, 644
93, 658
94, 658
95, 659
95, 661
98, 661
100, 663
105, 663
106, 664
106, 665
110, 665
111, 666
111, 688
112, 688
113, 689
113, 690
114, 690
115, 691
115, 692
117, 692
118, 693
118, 695
119, 695
120, 696
120, 697
121, 697
122, 698
122, 699
126, 699
127, 700
127, 701
128, 702
135, 702
136, 703
136, 704
148, 704
148, 703
149, 702
158, 702
159, 701
159, 700
160, 699
162, 699
162, 690
161, 689
160, 689
159, 688
159, 685
158, 685
157, 684
157, 682
156, 682
155, 681
155, 678
154, 678
153, 677
153, 676
151, 676
150, 675
150, 671
149, 671
148, 670
148, 669
147, 669
146, 668
146, 667
143, 664
142, 664
141, 663
141, 662
140, 662
139, 661
139, 660
138, 660
137, 659
137, 658
136, 657
135, 657
134, 656
134, 655
133, 655
132, 654
132, 653
131, 653
130, 652
130, 651
129, 651
128, 650
128, 644
126, 644
125, 643
125, 596
126, 595
128, 595
128, 573
129, 572
130, 572
130, 564
131, 563
132, 563
132, 555
133, 554
134, 554
134, 551
135, 550
136, 550
137, 549
137, 544
138, 543
139, 543
139, 539
140, 538
141, 538
141, 535
142, 534
143, 534
144, 533
144, 530
145, 529
146, 529
146, 526
147, 525
148, 525
148, 521
149, 520
150, 520
150, 517
151, 516
152, 516
153, 515
153, 514
154, 513
155, 513
155, 510
156, 509
157, 509
157, 508
158, 507
159, 507
159, 503
160, 502
162, 502
162, 501
163, 500
164, 500
164, 496
165, 495
166, 495
166, 494
167, 493
168, 493
168, 492
169, 491
170, 491
173, 488
173, 485
174, 484
175, 484
175, 483
176, 482
177, 482
177, 481
178, 480
179, 480
180, 479
180, 478
181, 477
182, 477
182, 476
183, 475
184, 475
184, 474
185, 473
186, 473
187, 472
187, 471
188, 470
189, 470
189, 469
190, 468
191, 468
191, 467
192, 466
195, 466
198, 463
198, 462
199, 461
200, 461
201, 462
201, 466
200, 467
199, 467
199, 475
198, 476
197, 476
197, 484
196, 485
195, 485
195, 507
196, 507
197, 508
197, 513
199, 515
199, 518
200, 518
201, 519
201, 522
202, 523
203, 523
204, 524
204, 527
205, 527
206, 528
206, 532
207, 532
208, 533
208, 536
209, 536
210, 537
210, 540
211, 541
212, 541
213, 542
213, 547
214, 547
215, 548
215, 559
216, 559
217, 560
217, 574
219, 576
219, 592
220, 593
221, 593
222, 594
222, 609
223, 609
224, 610
224, 622
225, 622
226, 623
226, 633
227, 634
228, 634
229, 635
229, 643
230, 643
231, 644
231, 645
232, 645
233, 646
233, 647
234, 647
235, 648
235, 649
237, 649
238, 650
238, 652
241, 652
242, 653
242, 654
243, 654
244, 655
244, 656
246, 656
247, 657
247, 661
248, 661
249, 662
249, 665
250, 665
251, 666
251, 672
252, 672
253, 673
253, 678
254, 679
255, 679
256, 680
256, 681
257, 681
258, 682
258, 683
259, 683
260, 684
260, 685
261, 686
266, 686
267, 687
267, 688
291, 688
291, 687
292, 686
293, 686
293, 684
294, 683
295, 683
295, 682
296, 681
297, 681
298, 680
298, 677
297, 676
296, 676
295, 675
295, 673
294, 673
293, 672
293, 671
292, 671
291, 670
291, 667
290, 666
289, 666
288, 665
288, 664
287, 664
286, 663
286, 662
285, 662
284, 661
284, 660
283, 660
282, 659
282, 658
281, 657
280, 657
279, 656
279, 655
278, 655
277, 654
277, 653
276, 653
275, 652
275, 651
274, 651
273, 650
273, 649
272, 648
271, 648
270, 647
270, 646
269, 646
268, 645
268, 644
267, 644
266, 643
266, 642
265, 642
264, 641
264, 638
263, 637
262, 637
261, 636
261, 633
259, 631
259, 626
258, 626
257, 625
257, 621
256, 621
255, 620
255, 616
254, 615
254, 614
253, 614
252, 613
252, 610
251, 610
250, 609
250, 603
249, 603
248, 602
248, 597
247, 596
246, 596
245, 595
245, 589
244, 589
243, 588
243, 583
242, 583
241, 582
241, 533
242, 532
243, 532
243, 517
244, 516
245, 516
245, 503
246, 502
248, 502
248, 492
249, 491
250, 491
250, 481
252, 479
252, 471
253, 470
254, 470
255, 469
255, 465
257, 463
257, 458
258, 457
259, 457
259, 451
260, 450
261, 450
261, 444
262, 443
264, 443
264, 437
265, 436
266, 436
266, 431
267, 430
268, 430
268, 426
269, 425
270, 425
270, 419
271, 418
273, 418
273, 415
274, 414
275, 414
275, 410
276, 409
277, 409
277, 406
278, 405
279, 405
279, 399
280, 398
282, 398
282, 397
283, 396
284, 396
284, 392
285, 391
286, 391
286, 388
287, 387
288, 387
288, 385
289, 384
291, 384
291, 383
292, 382
293, 382
293, 381
294, 380
295, 380
295, 379
296, 378
299, 378
300, 377
301, 377
302, 378
309, 378
310, 379
310, 380
316, 380
317, 381
317, 382
320, 382
321, 383
321, 384
325, 384
326, 385
326, 387
329, 387
331, 389
334, 389
335, 390
335, 391
338, 391
340, 393
343, 393
344, 394
344, 396
348, 396
349, 397
349, 398
352, 398
353, 399
353, 400
357, 400
358, 401
358, 402
359, 403
361, 403
362, 404
362, 405
368, 405
369, 406
369, 407
375, 407
376, 408
376, 409
382, 409
383, 410
383, 412
391, 412
392, 413
392, 414
402, 414
403, 415
403, 416
416, 416
417, 417
417, 418
440, 418
441, 419
441, 420
442, 421
481, 421
482, 422
482, 423
531, 423
532, 424
532, 425
556, 425
557, 426
557, 427
558, 427
559, 428
559, 436
558, 437
556, 437
556, 454
555, 455
554, 455
554, 485
555, 485
556, 486
556, 504
558, 504
559, 505
559, 530
558, 531
557, 531
557, 561
556, 562
555, 562
555, 588
554, 589
553, 589
552, 590
552, 609
551, 610
550, 610
550, 629
549, 630
548, 630
548, 665
549, 665
550, 666
550, 667
553, 670
554, 670
555, 671
555, 672
556, 672
557, 673
557, 681
558, 681
559, 682
559, 694
562, 697
563, 697
564, 698
564, 699
587, 699
587, 698
588, 697
599, 697
599, 696
600, 695
603, 695
603, 689
602, 689
601, 688
601, 687
600, 687
599, 686
599, 683
596, 680
595, 680
594, 679
594, 678
593, 678
592, 677
592, 676
591, 676
590, 675
590, 674
589, 673
588, 673
587, 672
587, 671
586, 671
585, 670
585, 669
584, 669
583, 668
583, 664
582, 664
581, 663
581, 660
579, 660
578, 659
578, 653
577, 653
576, 652
576, 594
577, 593
578, 593
578, 585
579, 584
580, 584
581, 583
581, 576
583, 574
583, 569
584, 568
585, 568
585, 564
586, 563
587, 563
587, 562
588, 561
589, 562
589, 579
590, 579
591, 580
591, 620
592, 620
593, 621
593, 658
594, 658
595, 659
595, 671
596, 672
597, 672
598, 673
598, 674
599, 674
600, 675
600, 676
602, 678
602, 679
604, 679
605, 680
605, 686
606, 686
607, 687
607, 695
608, 695
609, 696
609, 701
612, 704
613, 704
614, 705
614, 706
646, 706
646, 705
647, 704
653, 704
653, 700
654, 699
655, 699
655, 696
654, 696
653, 695
653, 691
652, 691
651, 690
651, 689
650, 689
649, 688
649, 687
645, 687
644, 686
644, 685
643, 685
642, 684
642, 683
639, 680
638, 680
637, 679
637, 678
634, 678
633, 677
633, 676
632, 676
630, 674
630, 673
629, 673
628, 672
628, 671
627, 671
626, 670
626, 669
625, 669
624, 668
624, 667
623, 666
622, 666
621, 665
621, 664
620, 664
619, 663
619, 660
618, 660
617, 659
617, 653
616, 653
615, 652
615, 647
614, 646
613, 646
612, 645
612, 626
611, 626
610, 625
610, 619
611, 618
612, 618
612, 596
613, 595
615, 595
615, 585
616, 584
617, 584
617, 578
618, 577
619, 577
619, 569
620, 568
621, 568
621, 562
622, 561
624, 561
624, 551
625, 550
626, 550
626, 542
627, 541
628, 541
628, 526
629, 525
630, 525
630, 512
631, 511
633, 511
633, 503
634, 502
635, 502
635, 496
636, 495
637, 495
637, 490
638, 489
639, 489
640, 488
640, 483
641, 482
642, 482
642, 476
643, 475
644, 475
644, 467
645, 466
646, 466
646, 460
647, 459
649, 459
649, 453
650, 452
651, 452
651, 444
652, 443
653, 443
653, 437
654, 436
655, 436
655, 428
656, 427
658, 427
658, 419
659, 418
660, 418
660, 415
661, 414
662, 414
662, 413
663, 412
664, 412
664, 410
665, 409
667, 409
667, 408
668, 407
669, 407
669, 406
670, 405
671, 405
671, 404
674, 401
674, 399
675, 398
676, 398
676, 397
677, 396
678, 396
678, 392
679, 391
680, 391
680, 390
681, 389
682, 389
683, 388
683, 383
684, 382
685, 382
685, 374
686, 373
687, 373
687, 360
688, 359
689, 359
689, 342
690, 341
692, 341
692, 317
693, 316
694, 316
694, 293
696, 291
696, 279
697, 278
698, 278
698, 274
699, 273
701, 273
701, 268
703, 266
703, 263
704, 262
705, 262
705, 259
708, 256
708, 252
710, 250
710, 243
711, 242
712, 242
712, 231
713, 230
714, 230
714, 222
715, 221
717, 221
717, 213
718, 212
719, 212
719, 204
720, 203
721, 203
721, 197
722, 196
723, 196
723, 188
724, 187
726, 187
726, 182
728, 180
728, 175
729, 174
730, 174
730, 168
731, 167
732, 167
732, 163
733, 162
735, 162
735, 161
736, 160
739, 160
740, 161
740, 162
746, 162
747, 163
747, 164
748, 165
753, 165
754, 166
754, 167
758, 167
759, 168
759, 169
764, 169
765, 170
765, 171
771, 171
772, 172
772, 174
778, 174
779, 175
779, 176
782, 176
784, 178
787, 178
788, 179
788, 180
789, 181
792, 181
793, 182
793, 183
794, 183
795, 184
795, 185
796, 185
797, 186
797, 187
798, 187
799, 188
799, 189
800, 190
803, 190
804, 191
804, 192
805, 192
806, 193
806, 194
807, 194
808, 195
808, 198
809, 199
810, 199
811, 200
811, 201
812, 201
813, 202
813, 203
814, 203
815, 204
815, 207
817, 209
817, 212
819, 212
820, 213
820, 217
821, 217
822, 218
822, 221
823, 221
824, 222
824, 226
825, 226
827, 228
830, 228
831, 229
831, 230
834, 230
834, 229
835, 228
839, 228
839, 227
840, 226
857, 226
857, 225
859, 223
859, 222
860, 221
861, 221
862, 220
862, 218
863, 217
864, 217
864, 213
865, 212
866, 212
866, 211
867, 210
868, 210
868, 209
869, 208
870, 208
871, 207
871, 204
872, 203
873, 203
873, 200
874, 199
875, 199
875, 186
874, 186
873, 185
873, 182
872, 182
871, 181
871, 180
870, 179
869, 179
868, 178
868, 175
867, 175
866, 174
866, 170
865, 170
864, 169
864, 168
863, 168
862, 167
862, 165
861, 164
860, 164
859, 163
859, 159
858, 159
857, 158
857, 155
856, 155
855, 154
855, 153
854, 152
853, 152
852, 151
852, 148
851, 148
850, 147
850, 143
849, 143
848, 142
848, 139
847, 139
846, 138
846, 135
845, 134
844, 134
843, 133
843, 130
842, 130
841, 129
841, 125
840, 125
839, 124
839, 121
838, 121
837, 120
837, 117
836, 116
835, 116
834, 115
834, 109
833, 109
832, 108
832, 103
830, 101
830, 96
829, 96
828, 95
828, 87
826, 87
825, 86
825, 82
824, 82
823, 81
823, 78
822, 78
821, 77
821, 76
820, 75
819, 75
818, 74
818, 73
817, 73
816, 72
816, 71
815, 71
814, 70
814, 69
811, 66
810, 66
809, 65
809, 64
808, 64
807, 63
807, 62
806, 62
805, 61
805, 60
802, 57
801, 57
800, 56
800, 53
799, 53
798, 52
799, 51
800, 51
800, 48
801, 47
802, 47
803, 46
803, 43
804, 42
805, 42
805, 32
806, 31
807, 31
807, 16
802, 16
802, 20
801, 21
799, 21
799, 22
798, 23
797, 23
797, 27
796, 28
795, 28
795, 29
794, 30
793, 30
793, 31
792, 32
792, 33
790, 35
790, 36
789, 37
788, 37
787, 36
787, 30
788, 29
789, 29
789, 16
